id,abbr,longitude,latitude
01,AL,-86.7,32.7
02,AK,-152.4,64.2
04,AZ,-111.9,34.2
05,AR,-92.3,34.7
06,CA,-119.4,36.7
08,CO,-105.5,38.9
09,CT,-72.7,41.6
10,DE,-75.5,39.1
11,DC,-77.0,38.9
12,FL,-82.4,28.6
13,GA,-83.6,32.8
15,HI,-157.5,21.1
16,ID,-114.6,44.2
17,IL,-89.3,40.1
18,IN,-86.2,39.8
19,IA,-93.5,42.0
20,KS,-98.3,38.5
21,KY,-84.9,37.8
22,LA,-91.8,31.0
23,ME,-69.2,45.3
24,MD,-76.7,39.0
25,MA,-71.8,42.1
26,MI,-84.5,43.3
27,MN,-94.3,46.2
28,MS,-89.8,32.7
29,MO,-92.6,38.5
30,MT,-109.6,46.8
31,NE,-99.7,41.5
32,NV,-117.0,39.3
33,NH,-71.5,43.6
34,NJ,-74.4,40.1
35,NM,-106.1,34.4
36,NY,-75.5,42.9
37,NC,-79.1,35.5
38,ND,-100.5,47.4
39,OH,-82.7,40.2
40,OK,-97.4,35.5
41,OR,-120.5,43.9
42,PA,-77.6,40.9
44,RI,-71.5,41.7
45,SC,-81.1,33.8
46,SD,-100.2,44.4
47,TN,-86.3,35.8
48,TX,-99.3,31.4
49,UT,-111.8,39.3
50,VT,-72.6,44.0
51,VA,-78.8,37.5
53,WA,-120.7,47.4
54,WV,-80.9,38.6
55,WI,-89.9,44.7
56,WY,-107.5,43.0
